Fitting P1
status = 0
x = 0.49999
y = 0.49999

Fitting P2
status = 0
x = 0.5999
y = 0.10055

sin0(x) = 1.042*x + 17.174

sin1(x) = 1.0057*x + 18.921 + 11.388*sin( 2*pi*( x/9.97533 + 0.99972) ) 

sin3(x) = 0.9912*x + 20.001 + 11.428*sin( 2*pi*( x/9.96406 + 0.99723) )  + 5.456*sin( 2*pi*( x/3.61758 + 0.99894) )  + 8.924*sin( 2*pi*( x/4.62404 + 0.00036) ) 

sin5(x) = 1.2097*x + 9.01 + 12.018*sin( 2*pi*( x/9.81902 + 0.89927) )  + 10.23*sin( 2*pi*( x/23.9736 + 0.93464) )  + 9.412*sin( 2*pi*( x/49.0837 + 0.00263) )  + 12.984*sin( 2*pi*( x/27.5178 + 0.20035) )  + 5.794*sin( 2*pi*( x/4.3369 + 0.99888) ) 

